> summary(pca)  
Importance of components:
                          PC1    PC2    PC3    PC4     PC5     PC6     PC7     PC8    PC9    PC10
Standard deviation     1.9467 1.6743 1.3257 1.1017 0.88321 0.88027 0.70268 0.45587 0.3230 0.24192
Proportion of Variance 0.3158 0.2336 0.1465 0.1011 0.06501 0.06457 0.04115 0.01732 0.0087 0.00488
Cumulative Proportion  0.3158 0.5494 0.6959 0.7970 0.86203 0.92660 0.96775 0.98507 0.9938 0.99864
                          PC11    PC12
Standard deviation     0.11156 0.06231
Proportion of Variance 0.00104 0.00032
Cumulative Proportion  0.99968 1.00000
> names(pca)  
[1] "sdev"     "rotation" "center"   "scale"    "x"       
> # Eigenértékek lekérése  
> eigenvalues <- pca$sdev^2  
> eigenvalues
 [1] 3.789816465 2.803316369 1.757490532 1.213654789 0.780064144 0.774872772 0.493762615 0.207818760
 [9] 0.104350382 0.058525740 0.012445074 0.003882358
> 
> # Ezek mire is valók? Néhány infót kapok a PCA eredményekről?  
> pca$sdev  
 [1] 1.94674509 1.67431071 1.32570379 1.10166002 0.88321240 0.88026858 0.70268244 0.45587143
 [9] 0.32303310 0.24192094 0.11155749 0.06230857
> pca$rotation #Eigenvectors   
                         PC1         PC2         PC3          PC4         PC5          PC6
Gyökér biomassza -0.00326219  0.57244465 -0.07863330  0.198925993 -0.02106532  0.079456002
WR hossz          0.45864807  0.14282519 -0.10835653 -0.097666034 -0.32229899  0.117672440
WR  felszín       0.36588804  0.26071276 -0.23873244 -0.342158237 -0.11093358  0.004579178
WR átmérő        -0.28012155  0.07828054 -0.30195427 -0.349680207  0.48532640 -0.356801904
Hajtás tömeg     -0.14844722  0.04119597 -0.57218312  0.201747854 -0.29818473 -0.383670824
CCI               0.27352615 -0.28082233 -0.20737659  0.224432117  0.48839166  0.340840126
Fv/Fm             0.15336348 -0.06072922  0.34925855  0.529437197 -0.11713735 -0.531945797
Levélfelület      0.01917508 -0.17904679 -0.53420827  0.423455311 -0.11905243  0.264270205
Termés           -0.40327891 -0.16146021  0.17292748 -0.008943066 -0.27040330  0.416070418
CR               -0.43443456  0.05727202 -0.09170176 -0.134724560 -0.34826645  0.092053201
Gyökér/Hajtás     0.04941005  0.56180233  0.13296109  0.111056097  0.07578567  0.212044665
Hossz/tömeg       0.32052984 -0.34137031  0.01248035 -0.360952945 -0.30388406 -0.098892281
                         PC7         PC8         PC9         PC10        PC11        PC12
Gyökér biomassza -0.02321050  0.11880047 -0.07968095  0.434394107 -0.28678406 -0.57257319
WR hossz          0.04738791  0.10241657 -0.01892178 -0.482409954 -0.61003513  0.11083615
WR  felszín       0.27600057 -0.03340923 -0.22600858 -0.187606174  0.61664449 -0.26065928
WR átmérő         0.42315422 -0.02333335 -0.20606892 -0.034285934 -0.33109102  0.07897471
Hajtás tömeg     -0.39848324  0.29063597 -0.26303272  0.014553899  0.10532241  0.21978210
CCI               0.06072324  0.62238089 -0.04603667 -0.005188966  0.05508331 -0.04498094
Fv/Fm             0.47007200  0.14972266 -0.12565099 -0.095539555  0.04375960 -0.06002825
Levélfelület      0.38112479 -0.49263885  0.11527178  0.118760247 -0.02756553  0.05262026
Termés            0.16677113  0.08218298 -0.70083799 -0.072604760 -0.04873746 -0.04114562
CR                0.35687952  0.45220178  0.55024144 -0.091770507  0.07578792 -0.05368969
Gyökér/Hajtás     0.17111824  0.08167052 -0.05086791  0.198793402  0.12883749  0.71173119
Hossz/tömeg       0.16977279  0.13743714 -0.05329371  0.682296238 -0.11924915  0.13363549
> pca$center  
Gyökér biomassza         WR hossz      WR  felszín        WR átmérő     Hajtás tömeg 
       0.2702222      611.2869524       63.3041250        0.3400417        2.1019417 
             CCI            Fv/Fm     Levélfelület           Termés               CR 
      40.4581629        0.8127394       44.5250000       11.6908333       11.7394210 
   Gyökér/Hajtás      Hossz/tömeg 
       0.1304829     2711.1085139 
> pca$scale # 1-2 változó nagyon kilóg. ezeket lehet át kéne alakítani  
Gyökér biomassza         WR hossz      WR  felszín        WR átmérő     Hajtás tömeg 
    1.238061e-01     2.210547e+02     1.960645e+01     5.082149e-02     4.025195e-01 
             CCI            Fv/Fm     Levélfelület           Termés               CR 
    4.823915e+00     7.937998e-03     8.295300e+00     1.769890e+00     9.011598e-01 
   Gyökér/Hajtás      Hossz/tömeg 
    5.941576e-02     1.642874e+03 
> pca$x
              PC1        PC2         PC3         PC4         PC5           PC6         PC7
 [1,] -0.31175722  3.1651850  0.37127302 -1.09802867 -0.85551027  9.367270e-01  0.56653391
 [2,] -1.78530577 -0.3952124 -0.56560045  0.33187123  0.19794310 -1.028779e+00  0.57124713
 [3,] -1.80053571 -0.8699756  1.97623479 -0.36886508  1.42191786  2.318031e-01  0.78861073
 [4,] -1.88196134  1.2399334 -2.19802332 -0.55019588  0.04024681  4.496451e-01 -0.91642392
 [5,] -2.65323366 -1.7685531  0.10489527  0.99388542 -0.08169244 -3.229459e-01  0.04477373
 [6,] -1.09585565 -0.8098488  0.13053429  1.18180694 -0.45672089  1.197779e+00  0.95945540
 [7,] -1.66696855  3.7852656  0.89815599 -1.39895080  0.23814493 -2.783558e-01  0.69152338
 [8,] -2.90069660 -1.1181452  0.05535075  0.07517211 -0.23494367 -1.481757e+00 -1.15535270
 [9,] -1.40200173 -0.5325945  0.53491102 -0.07560032  1.13088039 -4.421264e-05  0.02165618
[10,] -2.48733823  1.9735364 -1.33376880 -0.68061542 -0.62396860 -6.640147e-01 -0.37949370
[11,] -0.85785073 -1.5346578  0.12438729  0.36365259 -0.95747612  1.796942e+00 -1.25168650
[12,] -1.74158892 -0.3393592 -0.16046396  0.67811945 -0.81542564  1.733298e+00  0.51361926
[13,]  2.27591891  1.4286100  0.46559159  0.75873314 -0.81724032 -1.324087e-01 -0.24927572
[14,]  1.05054027  0.7606658  0.24528064  1.04303273  1.49898285 -3.653884e-01  0.69686046
[15,]  1.25612598 -0.5709233 -1.90484887  0.63594773  0.48804426 -1.367936e-01  0.24195404
[16,]  0.06903236 -1.5302741  3.27972975  0.02422117 -0.85721703 -6.339907e-01 -0.46536186
[17,]  2.70561703 -2.5454945 -0.73590883 -0.27399688 -1.57422629 -6.344036e-01  1.04841188
[18,]  0.81745022 -1.9148497 -0.45622368 -1.04353762  0.30545863 -2.101687e-01  0.87866191
[19,]  3.71036545  2.2228564  0.13605467  0.79061934 -0.29292635  3.488901e-01 -0.12622969
[20,]  1.94161830 -0.8175614 -0.11381740 -2.10684883  1.22911487  1.339939e-01 -0.81308358
[21,]  2.49788944 -0.7493529  1.88253281 -1.93917832  0.06263234  4.442213e-01 -0.64477856
[22,]  1.39159016  1.9616951  1.20434754  2.61522945  0.09340616 -1.151585e+00 -0.64574005
[23,]  1.60760107 -0.5517192 -1.76804914  0.98454967  1.68149416  9.871766e-01 -0.55017829
[24,]  1.26134492 -0.4892260 -2.17257498 -0.94102314 -0.82091875 -1.219841e+00  0.17429653
              PC8         PC9        PC10         PC11        PC12
 [1,]  0.56507434  0.40885671 -0.18453017  0.029373643  0.03493781
 [2,]  0.06611042  0.33455272 -0.20812350  0.005755391 -0.04311929
 [3,]  0.58271751 -0.03256497 -0.24631140 -0.161036026 -0.01452113
 [4,]  0.14295961  0.50718445  0.29621150 -0.097450507 -0.01201079
 [5,] -0.01058346  0.40426481 -0.08439217  0.079505145  0.02555249
 [6,] -0.28186407  0.46610851  0.02543552 -0.078246677  0.05252166
 [7,] -0.14721295 -0.53064420  0.29441391  0.186749963  0.05493267
 [8,]  0.18909132 -0.37928484 -0.22583037  0.038483115  0.14335141
 [9,] -0.10668858 -0.14138839 -0.06180577 -0.109944793  0.01457042
[10,] -0.30554247 -0.27220276  0.17778749 -0.242914671 -0.08631466
[11,]  0.75546610 -0.38548530 -0.06530466  0.048690730 -0.02360216
[12,] -0.53847172 -0.22998111  0.03481746  0.186938479 -0.05986582
[13,] -0.09771350 -0.33020865 -0.41061328 -0.086142146 -0.07928543
[14,]  0.35447529 -0.15337683 -0.02749463  0.092808205 -0.01709572
[15,] -0.35720187 -0.02291643 -0.13043093  0.078224016 -0.02832667
[16,] -0.81548608 -0.01598421  0.10033972  0.015249933 -0.06448113
[17,]  0.95578480 -0.28050850  0.39785718 -0.057148449  0.03636351
[18,] -0.41325780 -0.19377022  0.23520564 -0.086893064 -0.03617301
[19,] -0.21435333 -0.08374808 -0.34858104 -0.136458339  0.07626576
[20,]  0.50172497  0.16246459 -0.10946337  0.129815856 -0.11127388
[21,] -0.45474394  0.44506565  0.18055128 -0.023129487  0.08743241
[22,]  0.41223127  0.37073539  0.45415769  0.062885251 -0.03871835
[23,] -0.41431489 -0.28942848  0.22430161 -0.014163676  0.07286968
[24,] -0.36820096  0.24226013 -0.31819772  0.139048108  0.01599024


-----------------------------------------------------------------------
> pca.prcomp.h <- decostand(pca_df, "hellinger")  
> pca.prcomp <- prcomp(pca.prcomp.h, scale. = TRUE, center = TRUE)  
> pca.prcomp
Standard deviations (1, .., p=12):
 [1] 3.09421485 1.33563712 0.51285082 0.41755564 0.31427574 0.25948799 0.14246260 0.09770163 0.06626430 0.05357110 0.03221175
[12] 0.01721531

Rotation (n x k) = (12 x 12):
                        PC1        PC2         PC3          PC4          PC5          PC6           PC7         PC8
Gyökér biomassza -0.3070658 -0.2199369  0.03639079 -0.002235411 -0.207883871  0.104511717  0.4389440949  0.30071304
WR hossz         -0.2371084 -0.4904575 -0.29656717  0.111194635 -0.120699502  0.001935797 -0.4612698805 -0.36228266
WR  felszín      -0.2717358 -0.3476973  0.24633425 -0.461753796  0.444126476 -0.203049473 -0.1663938027  0.32041187
WR átmérő        -0.2985626  0.2177528  0.32180182 -0.333194871  0.343026928  0.128088233  0.0009077175 -0.42632526
Hajtás tömeg     -0.2947482  0.1966352 -0.32919392 -0.519784401 -0.390102967  0.343442169  0.0006992892  0.24799617
CCI              -0.2955450  0.2123025 -0.21623618  0.430201828  0.465859209  0.471223516 -0.2688897645  0.26599782
Fv/Fm            -0.3110250  0.1842289  0.10351359  0.130893004 -0.101930148  0.220235038  0.1469430542 -0.19960752
Levélfelület     -0.2866255  0.2284977 -0.57752180  0.030381411  0.270827243 -0.584165580  0.3239788099 -0.06885033
Termés           -0.2849521  0.3063736  0.27462428  0.186109460 -0.324320014 -0.440094020 -0.4677433588  0.35224400
CR               -0.3059457  0.2193503  0.18159911  0.001205938 -0.222809770 -0.088613341 -0.0280255544 -0.42124430
Gyökér/Hajtás    -0.2932212 -0.2557110  0.33758262  0.393374558 -0.003546793 -0.010631389  0.3833749416  0.06929525
Hossz/tömeg       0.2694754  0.4068326  0.15733620 -0.026611887  0.139705419  0.005722747  0.0383158614  0.10363904
                          PC9        PC10         PC11        PC12
Gyökér biomassza -0.274745444  0.32140848  0.385274001  0.43765957
WR hossz          0.134497847  0.07882032  0.456241007 -0.10893022
WR  felszín       0.067082517 -0.38065271  0.034324721  0.10939044
WR átmérő        -0.001589411  0.56504927 -0.003243019 -0.11724773
Hajtás tömeg      0.063898813 -0.08532150 -0.033252551 -0.38962757
CCI              -0.223153133 -0.04366102 -0.029031418  0.03270730
Fv/Fm             0.692640233 -0.26905125 -0.025792574  0.41029515
Levélfelület      0.061378781  0.01381229  0.029590396 -0.04524360
Termés            0.095582943  0.25075589 -0.031004119  0.01343508
CR               -0.578381546 -0.49734555  0.047231204  0.07393016
Gyökér/Hajtás     0.094994843 -0.09314214 -0.026698590 -0.64000902
Hossz/tömeg       0.108807725 -0.16010878  0.796759137 -0.17985772